62.5749778,11.3822797,1491126,#AAAAAA
62.5747862,11.3806573,1491092,#AAAAAA
62.5751904,11.3790275,1491094,#AAAAAA
62.5756044,11.3784032,1491096,#AAAAAA
62.5760419,11.3778772,1491098,#AAAAAA
62.5781584,11.3753139,2088693,#AAAAAA
62.5806776,11.3715553,2088695,#AAAAAA
62.5826393,11.3696109,2088696,#AAAAAA
62.584088,11.3682008,1491002,#AAAAAA
62.5865172,11.3652481,1487309,#AAAAAA
62.5897379,11.3623511,1491024,#AAAAAA
62.5912267,11.3618831,1491026,#AAAAAA
62.6060961,11.3663651,1491028,#AAAAAA
62.6099295,11.368133,1491030,#AAAAAA
62.6122668,11.369369,2783455,#AAAAAA
62.6222875,11.3764129,2783457,#AAAAAA
62.6251579,11.3781177,2783459,#AAAAAA
62.6270199,11.3793401,2783461,#AAAAAA
62.6283849,11.3811487,2783463,#AAAAAA
62.6301542,11.3843935,2783465,#AAAAAA
62.6316535,11.3885449,2783467,#AAAAAA
62.6320598,11.3893837,1487790,#AAAAAA
62.6336792,11.3953081,1487792,#AAAAAA
62.6362665,11.4033797,1487794,#AAAAAA
62.637945,11.4054329,1487796,#AAAAAA
62.6462363,11.4150109,1487798,#AAAAAA
62.6515163,11.4187771,1487800,#AAAAAA
62.6575475,11.4200174,1487802,#AAAAAA
62.6624151,11.4225237,3704586,#AAAAAA
62.666252,11.4279867,2919326,#AAAAAA
62.6709239,11.4288124,2519506,#AAAAAA
62.6714197,11.4289664,2519505,#AAAAAA
62.6747701,11.4430037,3704588,#AAAAAA
62.6734809,11.449272,3706485,#AAAAAA
62.6767917,11.4578336,1523511,#AAAAAA
62.6788652,11.4591533,3706482,#AAAAAA
62.6794519,11.4608588,2522335,#AAAAAA
62.6871443,11.4564274,3706489,#AAAAAA
62.6949815,11.4757656,5302844,#AAAAAA
62.6943933,11.4793799,1490519,#AAAAAA
62.6859214,11.4995818,1490517,#AAAAAA
62.6912079,11.5794763,1490515,#AAAAAA
62.6851726,11.6904918,1490513,#AAAAAA
62.6869869,11.7610409,1490511,#AAAAAA
62.6867324,11.7646255,1490509,#AAAAAA
62.6887387,11.7647835,2242127,#AAAAAA
62.7421067,11.8304513,2242129,#AAAAAA
62.8273144,11.814075,1415672,#AAAAAA
62.8284729,11.8147641,4711866,#AAAAAA
62.8475779,11.8019321,4711864,#AAAAAA
62.8737559,11.8106994,4711862,#AAAAAA
62.8886058,11.846562,4458789,#AAAAAA
62.8946944,11.8547639,4458783,#AAAAAA
62.8967621,11.8594911,3706527,#AAAAAA
62.9038013,11.8595811,3706525,#AAAAAA
62.9050812,11.8620564,2611036,#AAAAAA
62.9135735,11.8356902,2611034,#AAAAAA
62.9310136,11.8197783,2611032,#AAAAAA
62.9369857,11.8192449,2611030,#AAAAAA
62.9396554,11.8191324,2611028,#AAAAAA
62.9436917,11.8145877,5780418,#AAAAAA
62.944125,11.8163731,5780588,#AAAAAA
62.9496355,11.807655,5780586,#AAAAAA
62.9520363,11.8039837,5780585,#AAAAAA
62.9558359,11.7977108,5780583,#AAAAAA
62.9607768,11.7905044,5780581,#AAAAAA
62.9625475,11.7879188,5780579,#AAAAAA
62.9632442,11.786162,5780556,#AAAAAA
62.963882,11.7790364,5780576,#AAAAAA
62.9639963,11.7711129,5780574,#AAAAAA
62.9656544,11.7617864,5780572,#AAAAAA
62.9907382,11.7194952,5780571,#AAAAAA
62.9990728,11.6974745,1415766,#AAAAAA
63.0044675,11.6830017,1415764,#AAAAAA
63.0072089,11.6830948,1415762,#AAAAAA
63.0085636,11.6810471,1415760,#AAAAAA
63.0143277,11.6816704,1415758,#AAAAAA
63.0217593,11.6823883,1415756,#AAAAAA
63.0252677,11.6874239,1415754,#AAAAAA
63.0302345,11.6846009,1415752,#AAAAAA
63.0304253,11.6844262,1415750,#AAAAAA
63.0349503,11.6832305,4711896,#AAAAAA
63.0363443,11.6823748,4711894,#AAAAAA
63.0382484,11.6797876,4711893,#AAAAAA
63.0393975,11.6775371,4530088,#AAAAAA
63.0442749,11.6753028,4530086,#AAAAAA
63.0448371,11.6749507,4530084,#AAAAAA
63.0460952,11.6739467,4530082,#AAAAAA
63.0467507,11.671309,4711909,#AAAAAA
63.0456942,11.664458,4711907,#AAAAAA
63.0449446,11.6607126,4711929,#AAAAAA
63.0449119,11.6578048,1591738,#AAAAAA
63.0447164,11.6533902,4711926,#AAAAAA
63.0443358,11.6499701,4711924,#AAAAAA
63.0441363,11.6486871,1415685,#AAAAAA
63.0437035,11.6456883,1415683,#AAAAAA
63.0435723,11.6386322,1415681,#AAAAAA
63.0435518,11.6349946,1415679,#AAAAAA
63.0438848,11.6309396,1415677,#AAAAAA
63.0440636,11.629652,1415675,#AAAAAA
63.0448664,11.6239395,4530057,#AAAAAA
63.0469681,11.6127592,4530055,#AAAAAA
63.0482481,11.6032854,1828112,#AAAAAA
63.047425,11.5979164,4530052,#AAAAAA
63.0475037,11.5929131,2497808,#AAAAAA
63.0489553,11.5903126,5780227,#AAAAAA
63.0502172,11.5875656,1828090,#AAAAAA
63.0528356,11.582087,1828982,#AAAAAA
63.0535504,11.5805427,4530049,#AAAAAA
63.0548263,11.5702214,5780546,#AAAAAA
63.0549634,11.568716,5780544,#AAAAAA
63.0555111,11.5628677,5780618,#AAAAAA
63.0558897,11.5588006,5780480,#AAAAAA
63.0560434,11.5568619,5780478,#AAAAAA
63.0560332,11.5509019,5780482,#AAAAAA
63.0562026,11.5484401,5780596,#AAAAAA
63.0562758,11.5474148,5780224,#AAAAAA
63.0586678,11.5373437,1828975,#AAAAAA
63.0582983,11.5275426,1828973,#AAAAAA
63.0580267,11.5208287,1828972,#AAAAAA
63.0527605,11.490712,1828970,#AAAAAA
63.0533285,11.4779917,1828968,#AAAAAA
63.0549448,11.4714882,4530064,#AAAAAA
63.0555136,11.4686221,4756332,#AAAAAA
63.0564108,11.465312,4756330,#AAAAAA
63.0584638,11.4580825,2013122,#AAAAAA
63.0590738,11.4549494,5780258,#AAAAAA
63.0597865,11.4510694,5780256,#AAAAAA
63.0602255,11.4489547,4756534,#AAAAAA
63.0633406,11.4455714,4756337,#AAAAAA
63.0671055,11.4414745,4756335,#AAAAAA
63.069694,11.4385752,1828153,#AAAAAA
63.0704882,11.4360236,1415373,#AAAAAA
63.0753758,11.4318427,1415371,#AAAAAA
63.0798092,11.4269581,1415369,#AAAAAA
63.0980754,11.4065199,1415367,#AAAAAA
63.1052795,11.3816006,1415365,#AAAAAA
63.1067416,11.3701727,1415363,#AAAAAA
63.1125905,11.3554158,5617375,#AAAAAA
63.1125004,11.3186429,1415321,#AAAAAA
63.1111023,11.3080407,1591331,#AAAAAA
63.1098393,11.298781,2497827,#AAAAAA
63.1093757,11.2952893,5617378,#AAAAAA
63.1127127,11.2622201,5617382,#AAAAAA
63.1191155,11.2607256,5617381,#AAAAAA
63.1481925,11.2480484,5617385,#AAAAAA
63.1529673,11.2358319,2383382,#AAAAAA
63.1545766,11.2297852,5617383,#AAAAAA
63.1631292,11.2282829,2383386,#AAAAAA
63.165778,11.2309235,1415319,#AAAAAA
63.1726055,11.2141497,1415317,#AAAAAA
63.1827349,11.1938275,2049313,#AAAAAA
63.1838486,11.1898158,4529739,#AAAAAA
63.1864092,11.1866928,5617416,#AAAAAA
63.1870719,11.1862919,5617419,#AAAAAA
63.1896092,11.1840973,2383383,#AAAAAA
63.1901145,11.1833383,4529698,#AAAAAA
63.1902709,11.1772814,4529696,#AAAAAA
63.1901916,11.1628822,2013274,#AAAAAA
63.1931886,11.1593091,5617421,#AAAAAA
63.1962278,11.1531522,4529710,#AAAAAA
63.1967747,11.1519978,4529708,#AAAAAA
63.1978056,11.1498152,4529706,#AAAAAA
63.1997163,11.1457916,4529704,#AAAAAA
63.2011902,11.1407915,4529702,#AAAAAA
63.2015634,11.1372359,4529700,#AAAAAA
63.2018208,11.1347677,2049324,#AAAAAA
63.2030346,11.1394522,2049298,#AAAAAA
63.204652,11.1392499,2049327,#AAAAAA
63.2070113,11.1356901,2049329,#AAAAAA
63.2086008,11.1319182,2049331,#AAAAAA
63.2096854,11.1305484,2049333,#AAAAAA
63.2133303,11.1312281,2049291,#AAAAAA
63.2145575,11.1265593,5617441,#AAAAAA
63.2107055,11.1243937,5617442,#AAAAAA
63.2075056,11.122245,5617444,#AAAAAA
63.2077551,11.1182544,5617446,#AAAAAA
63.2082669,11.1142499,5617448,#AAAAAA
63.2084731,11.1105678,5617450,#AAAAAA
63.2084897,11.1102542,5617452,#AAAAAA
63.2093853,11.1075328,2061787,#AAAAAA
63.2097351,11.1081627,2061785,#AAAAAA
63.2119863,11.1083875,2061783,#AAAAAA
63.2364327,11.1062685,2061781,#AAAAAA
63.2391039,11.1044112,1590740,#AAAAAA
63.2422146,11.1000866,1590738,#AAAAAA
63.2446931,11.0970531,1590736,#AAAAAA
63.2483564,11.0978335,1590734,#AAAAAA
63.2495695,11.0944299,1590732,#AAAAAA
63.2517511,11.0929723,5617572,#AAAAAA
63.2528182,11.0915415,4529189,#AAAAAA
63.2535971,11.0903068,4529225,#AAAAAA
63.2555003,11.0849844,4529188,#AAAAAA
63.2609484,11.0818827,1557966,#AAAAAA
63.2639586,11.0802652,4529185,#AAAAAA
63.2682079,11.0791569,4529183,#AAAAAA
63.2694496,11.0782702,4529181,#AAAAAA
63.2731967,11.0773253,4521402,#AAAAAA
63.2765278,11.078479,5617579,#AAAAAA
63.2790004,11.0806646,4521384,#AAAAAA
63.2816355,11.0804533,5617576,#AAAAAA
63.2820745,11.080403,5617582,#AAAAAA
63.2841079,11.0799132,5617323,#AAAAAA
63.2845999,11.0793435,4521354,#AAAAAA
63.2849904,11.0768603,4521357,#AAAAAA
63.2864313,11.0718728,5617589,#AAAAAA
63.2873383,11.0712974,1336695,#AAAAAA
63.289821,11.0723532,1336693,#AAAAAA
63.2935719,11.0761034,1336691,#AAAAAA
63.2990441,11.0765406,1336689,#AAAAAA
63.3242913,11.0862154,1336687,#AAAAAA
63.3341947,11.0926969,1336685,#AAAAAA
63.3396251,11.0800858,1336683,#AAAAAA
63.3417711,11.0778489,2352176,#AAAAAA
63.3505122,11.0776048,5788925,#AAAAAA
63.3653326,11.0738265,5790242,#AAAAAA
63.3748359,11.0672975,2025802,#AAAAAA
63.3782017,11.0672531,2025800,#AAAAAA
63.3790401,11.0666872,2025798,#AAAAAA
63.3801968,11.0660536,2025796,#AAAAAA
63.3880788,11.0643316,5789631,#AAAAAA
63.3922137,11.0644846,4883197,#AAAAAA
63.3936681,11.0639632,4883200,#AAAAAA
63.3940478,11.0577305,5788884,#AAAAAA
63.3941482,11.0527315,5790339,#AAAAAA
63.3951137,11.0266549,5789876,#AAAAAA
63.3945074,11.0146853,5789646,#AAAAAA
63.3942638,11.0108594,5789875,#AAAAAA
63.3921207,10.9986447,5788262,#AAAAAA
63.3922174,10.9936484,3007456,#AAAAAA
63.3923492,10.9848314,5704123,#AAAAAA
63.3921124,10.9798364,5789693,#AAAAAA
63.3935998,10.9670406,5789660,#AAAAAA
63.3945426,10.9635174,2497820,#AAAAAA
63.3952544,10.9618882,5789691,#AAAAAA
63.3984341,10.9504123,5789916,#AAAAAA
63.4017217,10.945203,5789598,#AAAAAA
63.4025769,10.9437522,2497804,#AAAAAA
63.4079726,10.9395425,5787790,#AAAAAA
63.4106121,10.9369206,5789892,#AAAAAA
63.4165408,10.9325817,5788882,#AAAAAA
63.4200493,10.931506,5789898,#AAAAAA
63.4261845,10.9274442,5788719,#AAAAAA
63.4307794,10.9274871,5788201,#AAAAAA
63.4339241,10.9282126,5788087,#AAAAAA
63.4358728,10.9279916,1221064,#AAAAAA
63.4371589,10.9276214,1221062,#AAAAAA
63.4391778,10.9263901,1221060,#AAAAAA
63.4438912,10.9231145,1221058,#AAAAAA
63.4447603,10.9203386,1221056,#AAAAAA
63.4451569,10.9141518,1221054,#AAAAAA
63.4451287,10.9124475,5653867,#AAAAAA
63.4453866,10.9102024,3219653,#AAAAAA
63.4457523,10.9081247,3219651,#AAAAAA
63.445434,10.9076724,1382102,#AAAAAA
63.4455611,10.9087586,1840393,#AAAAAA
63.4480469,10.9138648,1840392,#AAAAAA
63.4483594,10.9139446,1622801,#AAAAAA
63.4485416,10.9140785,1622799,#AAAAAA
63.4495913,10.9151578,1622795,#AAAAAA
63.4501984,10.9154529,1622793,#AAAAAA
63.4511343,10.9159417,1382109,#AAAAAA
63.4514133,10.9157016,1382122,#AAAAAA
63.4514792,10.9142412,1382090,#AAAAAA
63.4514812,10.9126142,1837598,#AAAAAA
63.4514899,10.9090883,1837596,#AAAAAA
63.4509631,10.9063861,2657966,#AAAAAA
63.4536164,10.9095678,2657945,#AAAAAA
63.4562014,10.9091627,1382088,#AAAAAA
63.458465,10.9091371,2445101,#AAAAAA
63.4630049,10.9125682,5790163,#AAAAAA
63.4661618,10.911866,1838865,#AAAAAA
63.4667585,10.9111856,1859574,#AAAAAA
63.4670147,10.9111885,1859572,#AAAAAA
63.4693273,10.9098072,3004176,#AAAAAA
63.474714,10.9041851,2977755,#AAAAAA
63.4749406,10.9039188,2977760,#AAAAAA
63.4753254,10.903846,3155360,#AAAAAA
63.4778809,10.9011574,3793854,#AAAAAA
63.4878732,10.8856091,3793799,#AAAAAA
63.4943329,10.8832557,2993877,#AAAAAA
63.4967847,10.87961,5787756,#AAAAAA
63.4975151,10.877527,5787760,#AAAAAA
63.5028434,10.859772,5787762,#AAAAAA
63.5047716,10.857969,4738106,#AAAAAA
63.5063683,10.8561824,4738108,#AAAAAA
63.5106397,10.8540209,4738110,#AAAAAA
63.5129322,10.8588906,4738112,#AAAAAA
63.5174804,10.857758,4738114,#AAAAAA
63.5214137,10.8514136,1966872,#AAAAAA
63.5243892,10.8454563,4738117,#AAAAAA
63.5257379,10.8427425,4738118,#AAAAAA
63.5264699,10.8412784,2978322,#AAAAAA
63.5286067,10.836872,2978315,#AAAAAA
63.5423122,10.8603391,2978313,#AAAAAA
63.5438684,10.8696682,5787765,#AAAAAA
63.5445495,10.8790823,5787767,#AAAAAA
63.544734,10.8807085,5787768,#AAAAAA
63.5445512,10.8915426,2978303,#AAAAAA
63.5461243,10.8981553,2978304,#AAAAAA
63.5472462,10.9002833,4737700,#AAAAAA
63.5482099,10.9010904,2743600,#AAAAAA
63.5590452,10.9294619,2743602,#AAAAAA
63.5646569,10.9437677,5485548,#AAAAAA
63.5655103,10.9463025,1996235,#AAAAAA
63.5774259,10.9913907,1996237,#AAAAAA
63.5804745,11.0011116,1996239,#AAAAAA
63.5847853,11.0098266,1996241,#AAAAAA
63.5860949,11.0119704,1996243,#AAAAAA
63.5885508,11.0173015,4737684,#AAAAAA
63.5891942,11.0189693,4737685,#AAAAAA
63.5905116,11.0223425,1996222,#AAAAAA
63.5953297,11.0408527,1996224,#AAAAAA
63.5987889,11.0437025,5214426,#AAAAAA
63.6022977,11.0396436,4737682,#AAAAAA
63.6027455,11.0392185,3980523,#AAAAAA
63.6030233,11.0388169,2744231,#AAAAAA
63.6049657,11.0398366,2744233,#AAAAAA
63.6074319,11.042551,1403652,#AAAAAA
63.607936,11.0432453,1403654,#AAAAAA
63.6085139,11.0446876,1403656,#AAAAAA
63.6090923,11.0469563,1565388,#AAAAAA
63.61062,11.0517753,1565390,#AAAAAA
63.6110057,11.0528375,1565392,#AAAAAA
63.6117305,11.0548887,1565394,#AAAAAA
63.6121858,11.0578114,4736725,#AAAAAA
63.6135693,11.0606364,1565377,#AAAAAA
63.6156802,11.0615273,1565379,#AAAAAA
63.617052,11.0636898,1565381,#AAAAAA
63.6178479,11.0639726,1565366,#AAAAAA
63.6195761,11.0671427,3648171,#AAAAAA
63.6208123,11.0701217,3648170,#AAAAAA
63.6223081,11.0717223,3648179,#AAAAAA
63.624223,11.0714639,4736503,#AAAAAA
63.6335573,11.0649329,5489625,#AAAAAA
63.6435676,11.071967,5502744,#AAAAAA
63.6559031,11.0965783,5489627,#AAAAAA
63.6571987,11.0993738,3648052,#AAAAAA
63.6692035,11.1010824,2067353,#AAAAAA
63.6733363,11.1044915,4736495,#AAAAAA
63.6841153,11.1368375,3648169,#AAAAAA
63.7007317,11.1527011,3648196,#AAAAAA
63.7027588,11.1547588,4736489,#AAAAAA
63.7042715,11.1568877,3648142,#AAAAAA
63.7066777,11.160013,3648138,#AAAAAA
63.7098313,11.163472,3648078,#AAAAAA
63.7107809,11.185454,3648153,#AAAAAA
63.7107877,11.1884907,3648180,#AAAAAA
63.7112794,11.1911576,3648095,#AAAAAA
63.7170739,11.2244366,2482244,#AAAAAA
63.7171563,11.2248437,2482242,#AAAAAA
63.7176755,11.2348966,2977752,#AAAAAA
63.7178246,11.2377612,1565345,#AAAAAA
63.7202641,11.2479159,1565347,#AAAAAA
63.7248887,11.2589746,1565349,#AAAAAA
63.7250779,11.2601961,1565351,#AAAAAA
63.7269693,11.2701307,1565353,#AAAAAA
63.7291953,11.2768615,1565355,#AAAAAA
63.7313232,11.2833761,2506598,#AAAAAA
63.7314578,11.2866213,3648186,#AAAAAA
63.7324346,11.3051918,4736186,#AAAAAA
63.7333485,11.3165964,3648091,#AAAAAA
63.738799,11.3386399,3648133,#AAAAAA
63.7388738,11.3395959,3648197,#AAAAAA
63.739431,11.3430252,3648166,#AAAAAA
63.7544572,11.3824765,1628287,#AAAAAA
63.7548527,11.3827673,1859579,#AAAAAA
63.7550305,11.3831737,1659164,#AAAAAA
63.7557237,11.3850261,1565338,#AAAAAA
63.7609369,11.4062225,1565330,#AAAAAA
63.7641209,11.4256284,1565332,#AAAAAA
63.7654407,11.4394534,5488215,#AAAAAA
63.7655171,11.4413977,5488217,#AAAAAA
63.7658431,11.4479516,5465582,#AAAAAA
63.7665068,11.452728,5465529,#AAAAAA
63.7673911,11.4565167,5488220,#AAAAAA
63.7683331,11.4604957,4735970,#AAAAAA
63.768915,11.4626762,4735972,#AAAAAA
63.7704737,11.4663127,4735702,#AAAAAA
63.7720258,11.4683613,5495009,#AAAAAA
63.7732287,11.4696183,4735701,#AAAAAA
63.77419,11.470293,4735673,#AAAAAA
63.7777578,11.4716499,4735675,#AAAAAA
63.7782956,11.4716969,4735677,#AAAAAA
63.7816785,11.4700203,5494997,#AAAAAA
63.7840973,11.4665669,3648035,#AAAAAA
63.7859809,11.4636942,3648190,#AAAAAA
63.7877395,11.4611096,3648175,#AAAAAA
63.7903193,11.4580665,1565323,#AAAAAA
63.8048749,11.4586386,1745109,#AAAAAA
63.8104086,11.4535145,5703836,#AAAAAA
63.8157444,11.449939,5703838,#AAAAAA
63.8214332,11.4495592,1565319,#AAAAAA
63.8241204,11.448454,2744452,#AAAAAA
63.8321688,11.4388308,1565310,#AAAAAA
63.8332036,11.4310219,1565312,#AAAAAA
63.8335501,11.4292547,1565314,#AAAAAA
63.8355796,11.4172692,1565290,#AAAAAA
63.8370617,11.4146138,1565293,#AAAAAA
63.8445223,11.4099141,1564232,#AAAAAA
63.8472314,11.4051558,1565269,#AAAAAA
63.8485685,11.4024895,1565271,#AAAAAA
63.8491224,11.4014558,1565273,#AAAAAA
63.8494519,11.4006072,1565275,#AAAAAA
63.8557412,11.3982,1565277,#AAAAAA
63.8572254,11.3983567,1565279,#AAAAAA
63.8590137,11.3991953,5478183,#AAAAAA
63.8595272,11.3999773,5478252,#AAAAAA
63.8608077,11.4017143,5478283,#AAAAAA
63.8620987,11.4024349,5478287,#AAAAAA
63.8641795,11.4032972,1565240,#AAAAAA
63.8667818,11.4037204,1565242,#AAAAAA
63.8705557,11.4041428,1565244,#AAAAAA
63.873759,11.4067215,1565246,#AAAAAA
63.8773281,11.4118403,1565248,#AAAAAA
63.8796134,11.4198727,1565250,#AAAAAA
63.8839978,11.4276321,1565252,#AAAAAA
63.8856638,11.4260058,1565254,#AAAAAA
63.8873504,11.4251155,1565255,#AAAAAA
63.8931183,11.4325624,1565257,#AAAAAA
63.8947554,11.4346133,4731308,#AAAAAA
63.8996082,11.4385663,5443882,#AAAAAA
63.9055947,11.4409958,1565231,#AAAAAA
63.9134508,11.4380658,1565233,#AAAAAA
63.9157376,11.4355097,1565235,#AAAAAA
63.9171652,11.4340732,1565220,#AAAAAA
63.9191726,11.4328733,1565222,#AAAAAA
63.9215162,11.4323569,1565224,#AAAAAA
63.9219488,11.4324841,1540075,#AAAAAA
63.92443,11.4309881,1565227,#AAAAAA
63.9269507,11.427361,1565215,#AAAAAA
63.9363766,11.4216452,4730789,#AAAAAA
63.9380347,11.4212255,1565210,#AAAAAA
63.9418537,11.4202344,4730759,#AAAAAA
63.9675643,11.4154708,1877571,#AAAAAA
63.9693276,11.4160817,1877557,#AAAAAA
63.9717331,11.4187875,2745077,#AAAAAA
63.9812514,11.4277768,2745082,#AAAAAA
63.9833292,11.4321864,1877577,#AAAAAA
63.9961701,11.464397,2745078,#AAAAAA
63.9981138,11.4710302,4730172,#AAAAAA
64.0037012,11.491757,1565194,#AAAAAA
64.0053306,11.4976651,1556698,#AAAAAA
64.0054264,11.4980755,1618599,#AAAAAA
64.0063021,11.4997011,1556697,#AAAAAA
64.0081845,11.4993563,1547056,#AAAAAA
64.0105622,11.4958732,1556715,#AAAAAA
64.0107126,11.4955881,1618565,#AAAAAA
64.0127486,11.4929102,1537694,#AAAAAA
64.0132091,11.4918899,1556719,#AAAAAA
64.013345,11.4912379,1537527,#AAAAAA
64.0134696,11.4908802,1537525,#AAAAAA
64.0147454,11.4900828,1556661,#AAAAAA
64.0158204,11.4894233,3800258,#AAAAAA
64.0159892,11.4894468,3800256,#AAAAAA
64.0163053,11.489625,1556663,#AAAAAA
64.0176338,11.4898311,1404212,#AAAAAA
64.0188402,11.4904504,3800204,#AAAAAA
64.0190053,11.4906749,3800209,#AAAAAA
64.0205062,11.4913266,3800253,#AAAAAA
64.0210061,11.4905722,1537747,#AAAAAA
64.0211605,11.4905061,1537745,#AAAAAA
64.0220357,11.4890442,2779816,#AAAAAA
64.0276242,11.4793977,1537403,#AAAAAA
64.0283656,11.4767333,1539077,#AAAAAA
64.0296664,11.4749132,1537408,#AAAAAA
64.035719,11.4745221,4374636,#AAAAAA
64.0407939,11.4869452,4725259,#AAAAAA
64.0429574,11.4888492,1543783,#AAAAAA
64.0465556,11.4921656,4374638,#AAAAAA
64.052882,11.4922011,4374640,#AAAAAA
64.0543332,11.4905352,1996102,#AAAAAA
64.0583306,11.4914432,1996104,#AAAAAA
64.0602277,11.4929004,1996106,#AAAAAA
64.0642315,11.5045128,1996115,#AAAAAA
64.0657012,11.5067863,1996117,#AAAAAA
64.0681397,11.5093406,1996119,#AAAAAA
64.0706481,11.5109718,4725086,#AAAAAA
64.0731296,11.5118073,1996107,#AAAAAA
64.0849112,11.5193489,1996109,#AAAAAA
64.0940863,11.5249131,1996111,#AAAAAA
64.0958206,11.5249213,1996113,#AAAAAA
64.1040118,11.5405726,1996071,#AAAAAA
64.1046657,11.5470485,1996073,#AAAAAA
64.1052176,11.5529921,1996075,#AAAAAA
64.1058955,11.5598377,1996077,#AAAAAA
64.109217,11.569512,4724374,#AAAAAA
64.1113668,11.5740488,4724376,#AAAAAA
64.1152076,11.5806344,4724243,#AAAAAA
64.1200092,11.5902843,4724245,#AAAAAA
64.1211997,11.6002615,4724247,#AAAAAA
64.1252515,11.6170269,4724249,#AAAAAA
64.1293847,11.6282127,4724251,#AAAAAA
64.1305669,11.6592802,4724253,#AAAAAA
64.1345126,11.7017252,4724254,#AAAAAA
64.1351461,11.7091303,4724256,#AAAAAA
64.1361644,11.714316,4724258,#AAAAAA
64.1398111,11.7375333,4724260,#AAAAAA
64.1400103,11.738841,1996078,#AAAAAA
64.1532669,11.7673861,1996079,#AAAAAA
64.15935,11.7746826,1996081,#AAAAAA
64.1666644,11.7927288,1996083,#AAAAAA
64.1678137,11.7995917,1996084,#AAAAAA
64.1746509,11.8212194,1996086,#AAAAAA
64.1776837,11.8276527,4271205,#AAAAAA
64.1802645,11.8514704,4271207,#AAAAAA
64.1785443,11.8663276,4271209,#AAAAAA
64.1802416,11.8853902,1996059,#AAAAAA
64.1820072,11.8893838,1996061,#AAAAAA
64.1837934,11.8947489,1996063,#AAAAAA
64.190346,11.9235826,4724046,#AAAAAA
64.1916949,11.9302302,4724055,#AAAAAA
64.197533,11.9764448,4723895,#AAAAAA
64.2069539,12.0126644,4723855,#AAAAAA
64.2083013,12.0243343,4723857,#AAAAAA
64.2095384,12.031015,4723859,#AAAAAA
64.2110336,12.0347938,4723861,#AAAAAA
64.2186323,12.043597,4723863,#AAAAAA
64.2207381,12.0472332,4723853,#AAAAAA
64.2210998,12.048343,5089527,#AAAAAA
64.2244008,12.0701648,5088698,#AAAAAA
64.2311393,12.0957572,4723881,#AAAAAA
64.2318678,12.1026233,4723878,#AAAAAA
64.2347429,12.118172,5089070,#AAAAAA
64.2369958,12.1300627,5089078,#AAAAAA
64.2411501,12.1547261,5088401,#AAAAAA
64.2433179,12.1672195,4723822,#AAAAAA
64.2486762,12.1886976,5089524,#AAAAAA
64.2503259,12.1961941,5089044,#AAAAAA
64.2508798,12.2000932,5089043,#AAAAAA
64.2531636,12.2120694,5089040,#AAAAAA
64.2553224,12.2179378,5088901,#AAAAAA
64.2604103,12.2405957,5089528,#AAAAAA
64.2640525,12.2673029,5089529,#AAAAAA
64.2644783,12.2686426,4723280,#AAAAAA
64.2655454,12.2718738,4723282,#AAAAAA
64.2666811,12.2753437,4723284,#AAAAAA
64.2682952,12.2827737,4723286,#AAAAAA
64.2726672,12.2997787,4723288,#AAAAAA
64.2742825,12.3031221,4723290,#AAAAAA
64.2749758,12.3047254,2773729,#AAAAAA
64.2858862,12.3259393,4759417,#AAAAAA
64.2883872,12.3288718,4759408,#AAAAAA
64.2930383,12.3324137,4723218,#AAAAAA
64.2949831,12.3349275,4759410,#AAAAAA
64.2998796,12.3388884,4759412,#AAAAAA
64.3005914,12.3388355,4759418,#AAAAAA
64.304355,12.34074,4759420,#AAAAAA
64.3067933,12.3443754,4759422,#AAAAAA
64.3207355,12.3449487,4759424,#AAAAAA
64.3263389,12.3447295,4759426,#AAAAAA
64.3309608,12.3427072,2773733,#AAAAAA
64.3333903,12.340511,2773735,#AAAAAA
64.3403528,12.3358807,2773737,#AAAAAA
64.3431087,12.337281,2773739,#AAAAAA
64.3532473,12.3350338,2773741,#AAAAAA
64.3580894,12.3311182,2005959,#AAAAAA
64.3716565,12.3369169,4271267,#AAAAAA
64.3763666,12.3363918,4271272,#AAAAAA
64.3812743,12.3384516,4271274,#AAAAAA
64.3894988,12.3407106,4722999,#AAAAAA
64.3907121,12.3405093,5256193,#AAAAAA
64.3913135,12.3404495,2033421,#AAAAAA
64.4031654,12.3255171,2738253,#AAAAAA
64.4112024,12.3273722,2738255,#AAAAAA
64.4539934,12.2995884,2738217,#AAAAAA
64.456865,12.2952223,4722663,#AAAAAA
64.4586494,12.2935842,5256053,#AAAAAA
64.4596856,12.2933081,2738265,#AAAAAA
64.4613109,12.293615,2738251,#AAAAAA
64.4625726,12.2945966,2658073,#AAAAAA
64.4642078,12.2971019,5256005,#AAAAAA
64.4652933,12.2999777,5256007,#AAAAAA
64.4659044,12.3022866,2033424,#AAAAAA
64.4663254,12.3041598,2658070,#AAAAAA
64.4675278,12.3096864,5256050,#AAAAAA
64.4681401,12.3114727,5256062,#AAAAAA
64.4690079,12.3128035,1412235,#AAAAAA
64.482099,12.3281684,1412237,#AAAAAA
64.4840258,12.3297955,1412239,#AAAAAA
64.4856036,12.3364935,1412241,#AAAAAA
64.4861869,12.3406943,1412243,#AAAAAA
64.4864764,12.3439746,2898242,#AAAAAA
64.4882031,12.3480629,4722603,#AAAAAA
64.5116159,12.3686888,2898149,#AAAAAA
64.5257997,12.3850197,2898135,#AAAAAA
64.5296388,12.3994719,2898137,#AAAAAA
64.5341812,12.4116159,2005965,#AAAAAA
64.5363299,12.4360307,2898139,#AAAAAA
64.5395343,12.4465924,2898140,#AAAAAA
64.5417232,12.450975,1995997,#AAAAAA
64.5461617,12.4570986,1995999,#AAAAAA
64.5490505,12.4607071,1996001,#AAAAAA
64.5496536,12.461291,1996003,#AAAAAA
64.5524084,12.4651823,1996005,#AAAAAA
64.5540666,12.47004,1996007,#AAAAAA
64.554885,12.4727505,1996009,#AAAAAA
64.5581785,12.4776149,1996016,#AAAAAA
64.559074,12.4804686,1996018,#AAAAAA
64.559185,12.4818421,5503467,#AAAAAA
64.5594851,12.4853488,4722583,#AAAAAA
64.560842,12.4913148,1995993,#AAAAAA
64.5614212,12.4937311,1995995,#AAAAAA
64.5619822,12.4959024,4722571,#AAAAAA
64.5626605,12.4977083,4722573,#AAAAAA
64.5635807,12.5000667,4722575,#AAAAAA
64.5640991,12.501415,4722580,#AAAAAA
64.5646743,12.5028651,1996010,#AAAAAA
64.5727036,12.515995,2460088,#AAAAAA
64.5735426,12.5226728,3370303,#AAAAAA
64.5744,12.5393435,4722543,#AAAAAA
64.5777929,12.5512593,4722545,#AAAAAA
64.5784112,12.5522148,4722547,#AAAAAA
64.5807261,12.5555354,4722549,#AAAAAA
64.5826449,12.558144,4722551,#AAAAAA
64.5855004,12.560713,4722553,#AAAAAA
64.5896973,12.5627292,4722555,#AAAAAA
64.5934031,12.5606506,4722557,#AAAAAA
64.5980876,12.5635635,4722559,#AAAAAA
64.610058,12.5896208,4722561,#AAAAAA
64.6113547,12.5899116,5255595,#AAAAAA
64.6146576,12.593967,4722540,#AAAAAA
64.617075,12.5987451,4722542,#AAAAAA
64.6202583,12.6025332,4722532,#AAAAAA
64.6257875,12.6065022,4722534,#AAAAAA
64.6329585,12.6089661,4722536,#AAAAAA
64.6349983,12.6158936,5255629,#AAAAAA
64.6362555,12.6177046,4722527,#AAAAAA
64.6366208,12.618189,1996028,#AAAAAA
64.6581926,12.6489735,1996030,#AAAAAA
64.6612349,12.6510031,1996032,#AAAAAA
64.6664733,12.6759403,1996034,#AAAAAA
64.6742324,12.6905897,1996036,#AAAAAA
64.6782421,12.7080413,1996038,#AAAAAA
64.6838134,12.7309621,1996040,#AAAAAA
64.6919799,12.7542405,1996042,#AAAAAA
64.6928333,12.7579267,5255597,#AAAAAA
64.69311,12.7585342,4722515,#AAAAAA
64.6958697,12.7637697,4722517,#AAAAAA
64.7019904,12.7780694,2026372,#AAAAAA
64.7102141,12.7941358,4722519,#AAAAAA
64.7123506,12.7959422,4722521,#AAAAAA
64.7133848,12.7961762,4722496,#AAAAAA
64.7222777,12.8025273,5476494,#AAAAAA
64.7299214,12.8105062,5476496,#AAAAAA
64.7321694,12.8135197,3466939,#AAAAAA
64.7352173,12.8224115,3466941,#AAAAAA
64.7383744,12.8372189,1995972,#AAAAAA
64.739024,12.8394072,1995974,#AAAAAA
64.7414162,12.8442224,1995976,#AAAAAA
64.7427908,12.8456158,1995978,#AAAAAA
64.7487335,12.8555782,1995980,#AAAAAA
64.7494472,12.8574225,1995982,#AAAAAA
64.7603663,12.8649477,1995988,#AAAAAA
64.7628319,12.8667749,1995990,#AAAAAA
64.7680716,12.8710312,2749192,#AAAAAA
64.7724436,12.8762182,4722484,#AAAAAA
64.8378778,12.9955222,4722486,#AAAAAA
64.8472678,13.0099828,4722487,#AAAAAA
64.8482132,13.0174638,5476509,#AAAAAA
64.8484914,13.0224566,4722492,#AAAAAA
64.8496648,13.0273369,4722478,#AAAAAA
64.8508267,13.0308244,4722494,#AAAAAA
64.8534982,13.0394874,2749197,#AAAAAA
64.8756246,13.0673317,2749199,#AAAAAA
64.8839883,13.0700534,2749201,#AAAAAA
64.8943637,13.0802377,2749203,#AAAAAA
64.904271,13.0787113,2749205,#AAAAAA
64.9116611,13.0803245,2749207,#AAAAAA
64.927251,13.1186939,2749209,#AAAAAA
64.9286371,13.1213985,4722461,#AAAAAA
64.9314099,13.1257833,2179213,#AAAAAA
64.9264012,13.1461455,1995825,#AAAAAA
64.9260424,13.1532069,1995827,#AAAAAA
64.9259537,13.154394,5476571,#AAAAAA
64.9260911,13.1573665,1995883,#AAAAAA
64.9263117,13.1576145,5476701,#AAAAAA
64.9267977,13.1579983,5476602,#AAAAAA
64.9270737,13.1582106,5274565,#AAAAAA
64.9274823,13.158532,5476722,#AAAAAA
64.9284366,13.1592694,5274495,#AAAAAA
64.9293277,13.1599612,5476614,#AAAAAA
64.9297262,13.1602597,5274561,#AAAAAA
64.9305439,13.1608962,2031739,#AAAAAA
64.9314779,13.1616118,2743857,#AAAAAA
64.9322108,13.1626997,2743859,#AAAAAA
64.9329684,13.1645654,4722447,#AAAAAA
64.9345748,13.1672089,1995816,#AAAAAA
64.9389069,13.172029,1995818,#AAAAAA
64.9457496,13.1796748,1995836,#AAAAAA
64.9525154,13.1887291,1995838,#AAAAAA
64.9786453,13.2213799,1995840,#AAAAAA
64.9934441,13.243509,1995842,#AAAAAA
64.9963603,13.2496029,1995844,#AAAAAA
64.997321,13.2517349,1995846,#AAAAAA
65.0021639,13.2519229,1995848,#AAAAAA
65.0083037,13.2549566,1995850,#AAAAAA
65.0103679,13.2546976,1995852,#AAAAAA
65.0129168,13.2550855,1995854,#AAAAAA
65.0173794,13.2570046,1995856,#AAAAAA
65.0298217,13.2702007,1995858,#AAAAAA
65.0343178,13.2753189,1995961,#AAAAAA
65.0398404,13.2855464,1995963,#AAAAAA
65.0412687,13.2889749,1995938,#AAAAAA
65.0619326,13.3018067,1995940,#AAAAAA
65.0723907,13.3048522,1995942,#AAAAAA
65.0733407,13.3059025,2532623,#AAAAAA
65.0753738,13.3095217,1995913,#AAAAAA
65.0783025,13.3143316,1995915,#AAAAAA
65.0795129,13.3161385,1995917,#AAAAAA
65.0811055,13.318191,1995919,#AAAAAA
65.0825627,13.3235526,1995921,#AAAAAA
65.0853349,13.3258261,1995926,#AAAAAA
65.0913468,13.3311911,1995928,#AAAAAA
65.0930852,13.3324654,1995930,#AAAAAA
65.0941138,13.3335703,1995932,#AAAAAA
65.0985524,13.3410842,1995934,#AAAAAA
65.1008717,13.3424082,4722444,#AAAAAA
65.1027033,13.3415114,2535226,#AAAAAA
65.1127873,13.3392268,2460529,#AAAAAA
65.118796,13.3363779,2460535,#AAAAAA
65.1347255,13.3433223,2460537,#AAAAAA
65.1353075,13.3440286,2460539,#AAAAAA
65.1413659,13.3508528,2460541,#AAAAAA
65.1441098,13.3510845,2448873,#AAAAAA
65.1553684,13.3611173,5479667,#AAAAAA
65.1561419,13.3625376,5479634,#AAAAAA
65.1568329,13.3633928,5479809,#AAAAAA
65.1630154,13.3681735,2446845,#AAAAAA
65.1640413,13.3683271,3526604,#AAAAAA
65.1684286,13.3690753,3526507,#AAAAAA
65.1692046,13.3690436,5479767,#AAAAAA
65.1747109,13.3739197,2460574,#AAAAAA
65.1754838,13.3744845,1942462,#AAAAAA
65.1769191,13.3748714,1942464,#AAAAAA
65.1799962,13.3748366,2446854,#AAAAAA
65.1827114,13.3740295,2446856,#AAAAAA
65.1952402,13.3764255,2446858,#AAAAAA
65.1972352,13.3768247,2446860,#AAAAAA
65.2054595,13.3841954,2446862,#AAAAAA
65.2096083,13.3836047,2446864,#AAAAAA
65.213155,13.3735205,2862903,#AAAAAA
65.2150277,13.3690154,2862906,#AAAAAA
65.2164152,13.3683926,2461297,#AAAAAA
65.2224439,13.35873,2461299,#AAAAAA
65.2231941,13.3577292,1541204,#AAAAAA
65.2258845,13.3547285,1541221,#AAAAAA
65.2294633,13.3506993,1541223,#AAAAAA
65.2315844,13.343904,1541225,#AAAAAA
65.2414033,13.3312938,1541227,#AAAAAA
65.2449683,13.3234602,1541229,#AAAAAA
65.2621538,13.3340215,1541231,#AAAAAA
65.2638734,13.3373627,1541233,#AAAAAA
65.2656849,13.3392801,1541235,#AAAAAA
65.2731331,13.3428271,1541237,#AAAAAA
65.2788736,13.3334832,1541239,#AAAAAA
65.2848713,13.3317218,1541241,#AAAAAA
65.2868837,13.3336269,5479628,#AAAAAA
65.2885255,13.3332732,2778025,#AAAAAA
65.3035745,13.340171,5479630,#AAAAAA
65.3234701,13.3782496,5479632,#AAAAAA
65.323589,13.378332,5479626,#AAAAAA
65.324035,13.3786391,5479627,#AAAAAA
65.3278137,13.3783864,2461267,#AAAAAA
65.3301266,13.3777253,2461259,#AAAAAA
65.3410666,13.3716634,4722147,#AAAAAA
65.3431378,13.3706099,4722149,#AAAAAA
65.3449189,13.3701403,4722151,#AAAAAA
65.3589829,13.3785623,2461266,#AAAAAA
65.36534,13.3769732,3150693,#AAAAAA
65.3664631,13.3752433,3150686,#AAAAAA
65.3731674,13.3646658,4722138,#AAAAAA
65.3760166,13.3638801,5479747,#AAAAAA
65.3775153,13.3645427,4722143,#AAAAAA
65.3787687,13.3651939,3150689,#AAAAAA
65.4024223,13.3838533,1996325,#AAAAAA
65.4081465,13.3867742,1996327,#AAAAAA
65.4169547,13.389597,1996329,#AAAAAA
65.4269829,13.405259,5758209,#AAAAAA
65.4290607,13.4072619,5758207,#AAAAAA
65.4340773,13.4115689,2524650,#AAAAAA
65.4657239,13.4095958,2524652,#AAAAAA
65.520056,13.3958856,2524654,#AAAAAA
65.521479,13.3960777,4722122,#AAAAAA
65.5219128,13.3961534,3062436,#AAAAAA
65.5234386,13.3960623,3062434,#AAAAAA
65.5253544,13.3947426,3062461,#AAAAAA
65.5290377,13.3977175,3030049,#AAAAAA
65.5291534,13.3979761,2453623,#AAAAAA
65.5314977,13.4034138,3030057,#AAAAAA
65.531823,13.4041198,2452289,#AAAAAA
65.5333828,13.4062242,2452356,#AAAAAA
65.5371068,13.4062428,2457443,#AAAAAA
65.5376229,13.4059577,2457442,#AAAAAA
65.5403015,13.4034839,3061206,#AAAAAA
65.5445172,13.3976825,3061203,#AAAAAA
65.5466849,13.3980036,4722101,#AAAAAA
65.5482574,13.3969645,4722103,#AAAAAA
65.5513407,13.3970218,3061194,#AAAAAA
65.5545523,13.396986,3061197,#AAAAAA
65.5566277,13.3966311,2452299,#AAAAAA
65.5588071,13.3966446,2452301,#AAAAAA
65.5606339,13.3994326,2452303,#AAAAAA
65.5629341,13.4019175,2452305,#AAAAAA
65.5634173,13.4021716,2452307,#AAAAAA
65.5681676,13.403566,2452309,#AAAAAA
65.5694424,13.4033358,2452311,#AAAAAA
65.5715363,13.4009824,2452313,#AAAAAA
65.5756282,13.3994011,2452315,#AAAAAA
65.5826996,13.3957009,2452317,#AAAAAA
65.5841378,13.3939639,4722097,#AAAAAA
65.5848694,13.393722,3062566,#AAAAAA
65.5858327,13.3934195,3062534,#AAAAAA
65.586668,13.3931484,3061750,#AAAAAA
65.5908972,13.389168,1988645,#AAAAAA
65.5921151,13.3894649,2536063,#AAAAAA
65.5935447,13.3870491,2536064,#AAAAAA
65.5949851,13.3843823,2463587,#AAAAAA
65.5964396,13.3810741,2464055,#AAAAAA
65.6039245,13.3256169,4722093,#AAAAAA
65.6070526,13.3199926,2802214,#AAAAAA
65.6134024,13.3094547,2458092,#AAAAAA
65.6183864,13.3067174,2535988,#AAAAAA
65.6203308,13.3061024,4722095,#AAAAAA
65.6216158,13.3048793,5479897,#AAAAAA
65.6224233,13.3037251,5280553,#AAAAAA
65.6502243,13.2798926,5479621,#AAAAAA
65.6508028,13.2796174,5280555,#AAAAAA
65.6531638,13.277905,2458091,#AAAAAA
65.6690717,13.2667952,2458084,#AAAAAA
65.6738965,13.2611504,2535973,#AAAAAA
65.6767324,13.2593009,2453507,#AAAAAA
65.6792571,13.2578051,5479619,#AAAAAA
65.684196,13.2580385,2800152,#AAAAAA
65.6869838,13.2580927,2535961,#AAAAAA
65.6904487,13.2593221,5624768,#AAAAAA
65.6974577,13.2638248,2800882,#AAAAAA
65.7096522,13.2739144,5624769,#AAAAAA
65.7098997,13.2745892,1988649,#AAAAAA
65.7109937,13.2781803,1988651,#AAAAAA
65.7194342,13.2911306,1988653,#AAAAAA
65.726442,13.2817496,1988655,#AAAAAA
65.7431335,13.2776748,1988657,#AAAAAA
65.759584,13.2876394,1988659,#AAAAAA
65.7682668,13.2900238,1988661,#AAAAAA
65.7803604,13.2848636,1988663,#AAAAAA
65.7859878,13.2704915,1988665,#AAAAAA
65.7908322,13.2648372,1988667,#AAAAAA
65.7998623,13.2463158,1988669,#AAAAAA
65.8032219,13.2460397,1988671,#AAAAAA
65.8061795,13.2501781,1988673,#AAAAAA
65.8098518,13.253889,1988675,#AAAAAA
65.8118913,13.2541621,1988677,#AAAAAA
65.8151644,13.2524041,1988679,#AAAAAA
65.8182294,13.2489397,2455257,#AAAAAA
65.8200621,13.2485319,5624767,#AAAAAA
65.821821,13.2481997,1988612,#AAAAAA
65.8244632,13.2442571,1988601,#AAAAAA
65.828074,13.2358547,2195561,#AAAAAA
65.8318369,13.2296485,4721833,#AAAAAA
65.8327452,13.2282072,4719783,#AAAAAA
65.8331373,13.2274543,4719782,#AAAAAA
65.8338452,13.2260808,5625745,#AAAAAA
65.8345273,13.2236901,2479269,#AAAAAA
65.8347376,13.2198378,5625736,#AAAAAA
65.834973,13.213471,2454951,#AAAAAA
65.834763,13.2125886,1541388,#AAAAAA
65.834691,13.2122246,1541386,#AAAAAA
65.834845,13.212076,1541384,#AAAAAA
65.8351942,13.2115179,2195571,#AAAAAA
65.8404722,13.2097981,4719361,#AAAAAA
65.8410431,13.208145,2454945,#AAAAAA
65.8416392,13.2063504,2454935,#AAAAAA
65.8432677,13.2036299,5625731,#AAAAAA
65.8432654,13.2024808,1541356,#AAAAAA
65.8432962,13.2020736,1541354,#AAAAAA
65.8438436,13.2017452,1541361,#AAAAAA
65.8450589,13.2002265,4719349,#AAAAAA
65.8459556,13.1991463,2460973,#AAAAAA
65.8464414,13.1986051,1988600,#AAAAAA
65.8490385,13.1963662,1988598,#AAAAAA
65.8495931,13.1961789,4719269,#AAAAAA
65.85239,13.1966458,2456585,#AAAAAA
65.8535756,13.1958909,2793836,#AAAAAA
65.8551554,13.1951675,2793308,#AAAAAA
65.8559696,13.1950641,4718631,#AAAAAA
65.8567488,13.1949129,2793310,#AAAAAA
65.8607204,13.1919296,1546551,#AAAAAA
65.8612886,13.1929694,2453942,#AAAAAA
65.8621802,13.1949775,4718614,#AAAAAA
65.8625972,13.1959823,4718613,#AAAAAA
65.8632796,13.1976248,1507715,#AAAAAA
65.8641781,13.2024477,2453185,#AAAAAA
65.8674482,13.2075488,4718373,#AAAAAA
65.8690367,13.2086977,4718372,#AAAAAA
65.8697938,13.2097716,4718382,#AAAAAA
65.8714835,13.2138279,5280547,#AAAAAA
65.8719358,13.2165469,5280548,#AAAAAA
65.8728852,13.2228664,2481082,#AAAAAA
65.8770369,13.2286611,2481083,#AAAAAA
65.8790951,13.224997,2481085,#AAAAAA
65.8823156,13.222831,2481087,#AAAAAA
65.883917,13.226548,2481089,#AAAAAA
65.8851408,13.2291421,2461336,#AAAAAA
65.8856822,13.2352328,1988575,#AAAAAA
65.8864291,13.2501665,1988577,#AAAAAA
65.8899945,13.2611199,1988579,#AAAAAA
65.8906454,13.2619541,2460179,#AAAAAA
65.8924599,13.2651641,4718341,#AAAAAA
65.8932493,13.2680838,5280538,#AAAAAA
65.8945898,13.2712837,5280540,#AAAAAA
65.8957424,13.2729043,5280541,#AAAAAA
65.8964772,13.2747406,1988581,#AAAAAA
65.8984685,13.2793333,1988583,#AAAAAA
65.8998226,13.2814207,1988585,#AAAAAA
65.9014402,13.286635,1988587,#AAAAAA
65.9022573,13.290189,1988589,#AAAAAA
65.9030363,13.2943085,1988591,#AAAAAA
65.9033479,13.2958786,1988593,#AAAAAA
65.9038653,13.2980234,1988595,#AAAAAA
65.9050334,13.3016034,1988597,#AAAAAA
65.9056194,13.3036335,4718338,#AAAAAA
65.9062094,13.3095861,2460188,#AAAAAA
65.906243,13.3122892,2460190,#AAAAAA
65.9055548,13.3273314,2460192,#AAAAAA
65.9054225,13.3281828,2460194,#AAAAAA
65.9044247,13.3386116,2460196,#AAAAAA
65.9053664,13.34013,2460198,#AAAAAA
65.9057372,13.3403546,1996293,#AAAAAA
65.9095542,13.3638527,1996294,#AAAAAA
65.9156706,13.3774261,1996296,#AAAAAA
65.9198907,13.3771633,1996298,#AAAAAA
65.920809,13.3891745,1996300,#AAAAAA
65.9265205,13.403012,1996302,#AAAAAA
65.92746,13.4057253,1996304,#AAAAAA
65.9302792,13.4080361,1996306,#AAAAAA
65.9393841,13.4095196,1996308,#AAAAAA
65.9409763,13.4106467,1988548,#AAAAAA
65.9438467,13.412783,1988550,#AAAAAA
65.9450355,13.4136919,1988552,#AAAAAA
65.9467987,13.4149974,1988554,#AAAAAA
65.947065,13.4158021,1988556,#AAAAAA
65.9497074,13.4172472,1988558,#AAAAAA
65.9530916,13.4156151,5700999,#AAAAAA
65.9539626,13.4165113,5625125,#AAAAAA
65.955217,13.4188889,5625159,#AAAAAA
65.9657045,13.42282,5700997,#AAAAAA
65.9667575,13.4228841,3050163,#AAAAAA
65.9686521,13.4270824,2693768,#AAAAAA
65.9689289,13.428934,2693756,#AAAAAA
65.980114,13.4370838,2693772,#AAAAAA
65.9828641,13.4397259,2693744,#AAAAAA
65.9860282,13.4423645,2693741,#AAAAAA
65.9878567,13.4417562,2689620,#AAAAAA
65.9883324,13.4414913,2689607,#AAAAAA
65.9904348,13.4427844,2689588,#AAAAAA
65.9961262,13.4471209,2689610,#AAAAAA
66.0027628,13.4490793,2689612,#AAAAAA
66.0087552,13.4455858,2689614,#AAAAAA
66.0107703,13.4450765,4716252,#AAAAAA
66.017547,13.4552042,4716253,#AAAAAA
66.0178969,13.4547412,2689628,#AAAAAA
66.0309992,13.4699946,2689630,#AAAAAA
66.032911,13.4749323,2689632,#AAAAAA
66.0333492,13.4767575,2689634,#AAAAAA
66.0388698,13.4955109,2689636,#AAAAAA
66.0428139,13.5120535,2689638,#AAAAAA
66.0457435,13.5246372,2689640,#AAAAAA
66.0461151,13.5262291,2689642,#AAAAAA
66.0522165,13.5493487,2689644,#AAAAAA
66.0527165,13.5508179,4716238,#AAAAAA
66.0572112,13.5711259,2757411,#AAAAAA
66.0565367,13.574004,4716231,#AAAAAA
66.0563012,13.5745873,4716230,#AAAAAA
66.0554231,13.5766555,5700982,#AAAAAA
66.0484904,13.6010376,2757365,#AAAAAA
66.0483538,13.6057314,4716174,#AAAAAA
66.0484388,13.6113861,2757370,#AAAAAA
66.0483769,13.6126294,5625166,#AAAAAA
66.0480933,13.6149936,4716202,#AAAAAA
66.0470528,13.6203754,4716171,#AAAAAA
66.0471116,13.6261287,5625146,#AAAAAA
66.073422,13.8052573,1475110,#AAAAAA
66.076389,13.817681,1988562,#AAAAAA
66.0766954,13.8187877,1988564,#AAAAAA
66.0772185,13.8199318,2757100,#AAAAAA
66.0788215,13.8210015,4716141,#AAAAAA
66.0815511,13.8261914,4716139,#AAAAAA
66.0818713,13.8273897,2757098,#AAAAAA
66.0859542,13.8206717,1988567,#AAAAAA
66.0877773,13.819254,2757091,#AAAAAA
66.1021153,13.8079384,2757092,#AAAAAA
66.1233085,13.8155327,2757094,#AAAAAA
66.1332025,13.8195249,2757096,#AAAAAA
66.1443023,13.8308983,5656685,#AAAAAA
66.1453769,13.8301043,5656687,#AAAAAA
66.1469227,13.829994,4716086,#AAAAAA
66.1471955,13.8301061,4716088,#AAAAAA
66.1530182,13.8356176,4716081,#AAAAAA
66.1538243,13.8364323,4716079,#AAAAAA
66.1557724,13.8384942,2650896,#AAAAAA
66.1572207,13.839951,1988509,#AAAAAA
66.1607954,13.8435484,2650897,#AAAAAA
66.1620223,13.8444979,2650899,#AAAAAA
66.1661733,13.8396676,2650901,#AAAAAA
66.1671307,13.8330797,2650903,#AAAAAA
66.1704553,13.8252502,2650892,#AAAAAA
66.1724263,13.822772,2650894,#AAAAAA
66.1776006,13.8018128,2650933,#AAAAAA
66.177833,13.8009821,4716020,#AAAAAA
66.1813131,13.7981158,1566539,#AAAAAA
66.1890442,13.7997451,4716012,#AAAAAA
66.1908923,13.7986405,2650946,#AAAAAA
66.191988,13.7981594,4716009,#AAAAAA
66.1940004,13.7969927,1988507,#AAAAAA
66.2004014,13.7932923,1988501,#AAAAAA
66.2031156,13.7918944,4716017,#AAAAAA
66.2083498,13.8029762,5655628,#AAAAAA
66.2112387,13.8110711,5655630,#AAAAAA
66.2143095,13.8210006,5655632,#AAAAAA
66.2153217,13.82533,1988522,#AAAAAA
66.2201751,13.8424345,1988524,#AAAAAA
66.2214472,13.8480321,1988526,#AAAAAA
66.2227371,13.8528157,2756119,#AAAAAA
66.2275477,13.8583946,4921175,#AAAAAA
66.2297792,13.8721585,4921177,#AAAAAA
66.2310011,13.8825824,4921179,#AAAAAA
66.2311563,13.8838755,2756169,#AAAAAA
66.2333918,13.9019912,5113367,#AAAAAA
66.2328308,13.9086404,4921180,#AAAAAA
66.2348737,13.9219549,4921182,#AAAAAA
66.2384707,13.9356355,1988487,#AAAAAA
66.2396813,13.9457568,1988489,#AAAAAA
66.2414482,13.9510284,1988491,#AAAAAA
66.2452118,13.9557,1996410,#AAAAAA
66.2488327,13.9729945,1996412,#AAAAAA
66.2504215,13.9765782,1604122,#AAAAAA
66.2519105,13.9781702,1546663,#AAAAAA
66.2529974,13.9783399,1604127,#AAAAAA
66.2555262,13.9761066,1996426,#AAAAAA
66.2581102,13.9746414,1996428,#AAAAAA
66.2619804,13.9743771,1996430,#AAAAAA
66.2637276,13.9750144,1996432,#AAAAAA
66.2659312,13.9758568,2651154,#AAAAAA
66.2728424,13.9919086,1996421,#AAAAAA
66.2728223,14.0008744,1996423,#AAAAAA
66.2765229,14.0355451,1996437,#AAAAAA
66.2799249,14.0386337,1996439,#AAAAAA
66.2867348,14.0486364,2934474,#AAAAAA
66.2874084,14.0498889,4715739,#AAAAAA
66.2879337,14.0513413,2934974,#AAAAAA
66.2900129,14.0699509,2934461,#AAAAAA
66.2910778,14.0832332,2738214,#AAAAAA
66.2917501,14.0857683,4715740,#AAAAAA
66.2925144,14.0882299,2934458,#AAAAAA
66.3007726,14.111933,2934465,#AAAAAA
66.304048,14.1175154,2738092,#AAAAAA
66.3044368,14.1256008,4715612,#AAAAAA
66.3047823,14.1301775,1565176,#AAAAAA
66.3052671,14.1321311,1560302,#AAAAAA
66.3053686,14.1325452,1560307,#AAAAAA
66.3054838,14.1340048,1560317,#AAAAAA
66.3055676,14.134223,1560315,#AAAAAA
66.3054432,14.134591,1560314,#AAAAAA
66.3048755,14.1355178,5700987,#AAAAAA
66.3044873,14.1368532,5700992,#AAAAAA
66.3040067,14.1403632,5700991,#AAAAAA
66.3060774,14.1457491,2659485,#AAAAAA
66.3065265,14.1458357,2659500,#AAAAAA
66.306866,14.1467426,2659526,#AAAAAA
66.308273,14.1508697,2659509,#AAAAAA
66.308443,14.1511082,2659507,#AAAAAA
66.3085894,14.1518751,2659529,#AAAAAA
66.3141815,14.1581114,2659496,#AAAAAA
66.3144644,14.15948,2659481,#AAAAAA
66.3145811,14.1598902,2659479,#AAAAAA
66.3145021,14.1608682,2659516,#AAAAAA
66.3164108,14.1680482,2659518,#AAAAAA
66.3194125,14.1696948,1713870,#AAAAAA
66.3202343,14.1708629,1560333,#AAAAAA
66.3203265,14.1713816,1560325,#AAAAAA
66.3209459,14.1733234,2659538,#AAAAAA
66.3215841,14.1737601,2659522,#AAAAAA
66.3219285,14.1738138,2659490,#AAAAAA
66.3220266,14.1739278,2659488,#AAAAAA
66.3222806,14.1743347,2659514,#AAAAAA
66.3239981,14.1756951,2965402,#AAAAAA
66.3240681,14.1762017,2965406,#AAAAAA
66.3238886,14.1775963,2965399,#AAAAAA
66.3249252,14.1895981,2738006,#AAAAAA
66.3258019,14.1973806,2965401,#AAAAAA
66.3252918,14.2231183,1988472,#AAAAAA
66.3251287,14.2297945,4715358,#AAAAAA
66.3227984,14.2423062,4715360,#AAAAAA
66.3216631,14.2487502,1988474,#AAAAAA
66.3280066,14.2624851,1996447,#AAAAAA
66.3417369,14.3110026,4921198,#AAAAAA
66.3448445,14.316662,4921196,#AAAAAA
66.3531116,14.3124604,4921192,#AAAAAA
66.3578814,14.3152795,4715258,#AAAAAA
66.3648171,14.3170819,4921219,#AAAAAA
66.3654558,14.3209014,5647291,#AAAAAA
66.3666849,14.3305385,4921218,#AAAAAA
66.3692858,14.3557057,4921216,#AAAAAA
66.3714161,14.3720605,4715194,#AAAAAA
66.3729232,14.3793883,4715186,#AAAAAA
66.3778612,14.392287,4921195,#AAAAAA
66.3876542,14.393846,2738347,#AAAAAA
66.3988625,14.3989697,1566509,#AAAAAA
66.4027448,14.4223572,1566511,#AAAAAA
66.4058476,14.4637585,1566513,#AAAAAA
66.4062776,14.4758472,1566515,#AAAAAA
66.4072282,14.5094392,1566517,#AAAAAA
66.4074837,14.5203558,2934307,#AAAAAA
66.4033021,14.5369519,5113373,#AAAAAA
66.3987616,14.5350811,5113326,#AAAAAA
66.3877391,14.5392975,4921234,#AAAAAA
66.3902173,14.6461405,4921233,#AAAAAA
66.3953121,14.6604958,5113324,#AAAAAA
66.3959994,14.6623492,1988461,#AAAAAA
66.408819,14.715369,1988463,#AAAAAA
66.4190344,14.7597943,1988465,#AAAAAA
66.4499391,14.8391373,5669338,#AAAAAA
66.4681917,14.85152,2933470,#AAAAAA
66.4700439,14.8563158,5498660,#AAAAAA
66.4787306,14.8697965,5669288,#AAAAAA
66.4954605,14.885389,5498669,#AAAAAA
66.5010029,14.899996,5672542,#AAAAAA
66.5033752,14.9288213,5669342,#AAAAAA
66.5032301,14.9301003,5498655,#AAAAAA
66.50303,14.9327198,5498654,#AAAAAA
66.504355,14.9455938,5669341,#AAAAAA
66.5075235,14.9677308,5669339,#AAAAAA
66.5036763,14.9832006,2760323,#AAAAAA
66.5020798,14.983923,5498657,#AAAAAA
66.4996946,14.9849994,5718336,#AAAAAA
66.4943994,14.9870276,5718314,#AAAAAA
66.4872681,14.9977495,5718313,#AAAAAA
66.4784037,15.0327733,5718302,#AAAAAA
66.4774413,15.0378768,2760331,#AAAAAA
66.4696886,15.0591312,5718324,#AAAAAA
66.4659211,15.0778145,5718353,#AAAAAA
66.4633624,15.0939803,5718338,#AAAAAA
66.4615296,15.1002643,5718345,#AAAAAA
66.4534796,15.1226235,5718307,#AAAAAA
66.4524712,15.1254228,5718346,#AAAAAA
66.4485907,15.1453215,5718355,#AAAAAA
66.4483651,15.1488524,5718343,#AAAAAA
66.449005,15.1823059,5718352,#AAAAAA
66.4593577,15.2149849,5718347,#AAAAAA
66.4680742,15.2313633,5718306,#AAAAAA
66.4767115,15.2342841,5718341,#AAAAAA
66.4889253,15.2335549,5718328,#AAAAAA
66.489354,15.2339171,5718344,#AAAAAA
66.4928082,15.2408813,2927194,#AAAAAA
66.5007793,15.255111,5718354,#AAAAAA
66.5030402,15.2630402,5718327,#AAAAAA
66.5034176,15.2652582,2759724,#AAAAAA
66.5115875,15.2988901,1996468,#AAAAAA
66.5192397,15.3050346,1996470,#AAAAAA
66.5499699,15.3160005,1996456,#AAAAAA
66.5518879,15.318465,3854485,#AAAAAA
66.554407,15.322325,1988437,#AAAAAA
66.5666302,15.3478327,1988439,#AAAAAA
66.5765312,15.3520387,2751946,#AAAAAA
66.5928619,15.3522472,2751950,#AAAAAA
66.6006065,15.3577339,3425020,#AAAAAA
66.611075,15.3673757,5579495,#AAAAAA
66.6129426,15.3691389,3853321,#AAAAAA
66.6135284,15.3697587,3853311,#AAAAAA
66.6444909,15.3944899,3853315,#AAAAAA
66.653758,15.4012057,3853234,#AAAAAA
66.6548889,15.4031456,4808661,#AAAAAA
66.6588771,15.4067594,3418302,#AAAAAA
66.6819506,15.4155169,3853243,#AAAAAA
66.6892464,15.4250995,3853245,#AAAAAA
66.6895783,15.4262012,1988448,#AAAAAA
66.690241,15.4284606,3853238,#AAAAAA
66.6907527,15.4302056,3853240,#AAAAAA
66.6967508,15.4385975,3853220,#AAAAAA
66.7182817,15.4630524,3853222,#AAAAAA
66.7239593,15.4643373,3853224,#AAAAAA
66.7305353,15.4681965,3853226,#AAAAAA
66.7329188,15.4699858,3853228,#AAAAAA
66.7337564,15.4706105,3853230,#AAAAAA
66.7357706,15.4721551,4805669,#AAAAAA
66.7640512,15.4759835,3852946,#AAAAAA
66.7653338,15.4757817,3852948,#AAAAAA
66.7839974,15.4662206,3852950,#AAAAAA
66.8047612,15.4213961,3852952,#AAAAAA
66.8100629,15.4074229,5312226,#AAAAAA
66.8114955,15.4042602,5579747,#AAAAAA
66.8123356,15.402406,1988420,#AAAAAA
66.8127501,15.4014882,3852914,#AAAAAA
66.8134163,15.3999996,3852918,#AAAAAA
66.8155347,15.3972871,3852916,#AAAAAA
66.8186097,15.3947815,3852923,#AAAAAA
66.821863,15.3874985,1988425,#AAAAAA
66.8394715,15.3379171,1988427,#AAAAAA
66.848472,15.3164395,1988429,#AAAAAA
66.8581327,15.3127538,1996492,#AAAAAA
66.8608845,15.3075867,1996494,#AAAAAA
66.8664225,15.2998804,1996496,#AAAAAA
66.8752732,15.2915375,1996498,#AAAAAA
66.8931081,15.2989611,1996500,#AAAAAA
66.8984004,15.304377,2759190,#AAAAAA
66.900823,15.3074109,3824325,#AAAAAA
66.9228567,15.3218455,3823871,#AAAAAA
66.9254636,15.3247176,3823873,#AAAAAA
66.9334611,15.3158566,3823870,#AAAAAA
66.9366821,15.3148238,3823103,#AAAAAA
66.9375727,15.3141351,3822794,#AAAAAA
66.9420891,15.3058039,3822822,#AAAAAA
66.9438998,15.3028819,3822790,#AAAAAA
66.9734589,15.3135631,3822814,#AAAAAA
66.9763462,15.315296,2629054,#AAAAAA
66.9798851,15.3154717,2629053,#AAAAAA
66.9817107,15.3162441,3822773,#AAAAAA
66.9829688,15.3172349,3822757,#AAAAAA
66.9835015,15.3177304,3822751,#AAAAAA
67.0009148,15.3496807,2629027,#AAAAAA
67.0102328,15.3524576,2629029,#AAAAAA
67.0165733,15.3508224,2629031,#AAAAAA
67.0188039,15.3495194,2629004,#AAAAAA
67.026387,15.3589822,3822616,#AAAAAA
67.0266366,15.359373,3277850,#AAAAAA
67.0275245,15.3609693,3277854,#AAAAAA
67.0290353,15.3638018,3820809,#AAAAAA
67.0647562,15.3837358,5579500,#AAAAAA
67.0649831,15.383654,5579501,#AAAAAA
67.0664231,15.3830657,5579503,#AAAAAA
67.0674858,15.3827182,3820808,#AAAAAA
67.0819742,15.3828507,1996486,#AAAAAA
67.083559,15.3855419,3820797,#AAAAAA
67.0847952,15.3887273,3820796,#AAAAAA
67.0867019,15.3964639,2101320,#AAAAAA
67.0883606,15.4001084,2101316,#AAAAAA
67.0973244,15.4301661,2101318,#AAAAAA
67.099313,15.4413449,1558122,#AAAAAA
67.097381,15.4492375,1558130,#AAAAAA
67.095183,15.4549565,2878532,#AAAAAA
67.0977943,15.4702196,2878526,#AAAAAA
67.0993335,15.4721761,2878528,#AAAAAA
67.1064218,15.4581818,2878530,#AAAAAA
67.1072764,15.4554145,1558112,#AAAAAA
67.1172139,15.4504053,1566492,#AAAAAA
67.132454,15.4474301,3820358,#AAAAAA
67.136728,15.4481891,2628984,#AAAAAA
67.1374709,15.4496777,2628979,#AAAAAA
67.1395934,15.4511183,2628981,#AAAAAA
67.1427619,15.4515977,2628983,#AAAAAA
67.1457922,15.4526359,3820335,#AAAAAA
67.1470742,15.4541715,3820165,#AAAAAA
67.147445,15.4549104,3820167,#AAAAAA
67.1487675,15.4575523,3820169,#AAAAAA
67.1493036,15.4582686,3820156,#AAAAAA
67.1508396,15.4609601,3820158,#AAAAAA
67.1621436,15.4810625,2628943,#AAAAAA
67.162125,15.4834299,2628945,#AAAAAA
67.1621198,15.4842146,3819122,#AAAAAA
67.1628816,15.4868708,3819124,#AAAAAA
67.1643707,15.4890289,3277780,#AAAAAA
67.1646715,15.4891553,3277789,#AAAAAA
67.1656043,15.4887214,3277791,#AAAAAA
67.1665584,15.4877301,3819105,#AAAAAA
67.1669608,15.4873094,3819107,#AAAAAA
67.1676421,15.48669,2628985,#AAAAAA
67.1711914,15.4767685,2628987,#AAAAAA
67.1734896,15.4753912,2628989,#AAAAAA
67.1750304,15.4760973,3277785,#AAAAAA
67.177328,15.477602,3277787,#AAAAAA
67.1885474,15.4772505,3819113,#AAAAAA
67.1909754,15.4728285,3819115,#AAAAAA
67.1922292,15.4706379,3819117,#AAAAAA
67.1957958,15.4622577,3819100,#AAAAAA
67.2093515,15.4359519,1566478,#AAAAAA
67.2174576,15.4059706,2628915,#AAAAAA
67.2309621,15.4009135,2628913,#AAAAAA
67.2395594,15.4194793,2628911,#AAAAAA
67.2473458,15.4269213,1565172,#AAAAAA
67.2486256,15.4272745,1565168,#AAAAAA
67.2521538,15.4301376,3815802,#AAAAAA
67.2530869,15.4317936,3815800,#AAAAAA
67.2548216,15.4322141,2263357,#AAAAAA
67.2593393,15.4329294,3815154,#AAAAAA
67.2615621,15.431604,3815152,#AAAAAA
67.2613843,15.4265624,3815150,#AAAAAA
67.2621716,15.4236955,4333367,#AAAAAA
67.2630037,15.413705,3277733,#AAAAAA
67.2628957,15.4041193,3277731,#AAAAAA
67.2660002,15.4001893,2628908,#AAAAAA
67.2696922,15.3974593,2965157,#AAAAAA
67.2716568,15.3954947,2628899,#AAAAAA
67.2758843,15.402368,2628901,#AAAAAA
67.2802287,15.4103398,2628903,#AAAAAA
67.2886831,15.4248222,5619683,#AAAAAA
67.3072325,15.4579749,4215853,#AAAAAA
67.3235616,15.4994697,3650619,#AAAAAA
67.3482177,15.5766809,3650623,#AAAAAA
67.3494445,15.5808404,3650621,#AAAAAA
67.3502132,15.5892188,3534910,#AAAAAA
67.3511661,15.592291,2086314,#AAAAAA
67.3516028,15.5931748,2086316,#AAAAAA
67.3550089,15.6018345,2086318,#AAAAAA
67.3553226,15.6031821,2086320,#AAAAAA
67.3563046,15.6075833,2086322,#AAAAAA
67.3616417,15.6180299,5216100,#AAAAAA
67.3693402,15.6348265,3650630,#AAAAAA
67.3758397,15.643649,5216108,#AAAAAA
67.3892623,15.6557303,5216110,#AAAAAA
67.4010631,15.6719203,5216111,#AAAAAA
67.4030195,15.6686932,2628895,#AAAAAA
67.4036249,15.665691,2086362,#AAAAAA
67.4057773,15.6518629,2628894,#AAAAAA
67.4108832,15.6541667,1384625,#AAAAAA
67.4119955,15.655192,1384632,#AAAAAA
67.4212054,15.675972,1384640,#AAAAAA
67.421809,15.6712367,1384652,#AAAAAA
67.4215776,15.6692415,1606154,#AAAAAA
67.4207353,15.6646893,1606149,#AAAAAA
67.4177375,15.6510341,3650627,#AAAAAA
67.4141676,15.6434596,3650629,#AAAAAA
67.4131739,15.637062,5215803,#AAAAAA
67.4114992,15.6036499,1606142,#AAAAAA
67.4184561,15.5812046,1384659,#AAAAAA
67.4305245,15.5588395,1384666,#AAAAAA
67.4337578,15.557768,1384675,#AAAAAA
67.459467,15.5759606,1384680,#AAAAAA
67.4608814,15.5770197,1384682,#AAAAAA
67.4662047,15.5811306,1384684,#AAAAAA
67.4711232,15.5822275,1384690,#AAAAAA
67.4802316,15.5951358,1384695,#AAAAAA
67.4809084,15.5946595,3893202,#AAAAAA
67.4813739,15.5942381,5215783,#AAAAAA
67.4819618,15.5937075,5215786,#AAAAAA
67.5051921,15.5725472,1384701,#AAAAAA
67.5057219,15.5720471,1385713,#AAAAAA
67.5159775,15.585233,1385715,#AAAAAA
67.5211984,15.5965679,1385717,#AAAAAA
67.5278393,15.6203243,1385706,#AAAAAA
67.5380515,15.6448665,1385803,#AAAAAA
67.5527465,15.6856931,1385805,#AAAAAA
67.5535413,15.7059512,1385758,#AAAAAA
67.5580256,15.761124,1385671,#AAAAAA
67.5575238,15.7750664,1385790,#AAAAAA
67.5617295,15.7934229,1385792,#AAAAAA
67.5656757,15.8090673,1385794,#AAAAAA
67.5691924,15.8382514,1385796,#AAAAAA
67.5737567,15.8745375,1385749,#AAAAAA
67.5759809,15.8887863,5118680,#AAAAAA
67.5783178,15.8903247,2628863,#AAAAAA
67.5791341,15.891147,2628865,#AAAAAA
67.5796745,15.8919099,5118675,#AAAAAA
67.5804982,15.8934988,5118676,#AAAAAA
67.5827965,15.8938197,2628866,#AAAAAA
67.5837531,15.889953,1385777,#AAAAAA
67.5899169,15.8783864,1385782,#AAAAAA
67.5918327,15.8809958,1385784,#AAAAAA
67.5932818,15.9219025,1385786,#AAAAAA
67.5937116,15.9312441,5118647,#AAAAAA
67.5937522,15.9357918,2628847,#AAAAAA
67.5939317,15.9371043,2628849,#AAAAAA
67.5964034,15.9414785,1385739,#AAAAAA
67.6184974,15.9392053,5118611,#AAAAAA
67.6235857,15.9302116,1385725,#AAAAAA
67.6237855,15.9295602,1385727,#AAAAAA
67.6395997,15.9273564,1385729,#AAAAAA
67.6560176,15.9042523,1385731,#AAAAAA
67.6888775,15.8464234,4809627,#AAAAAA
67.68943,15.8456333,4809626,#AAAAAA
67.6905746,15.8450984,2308287,#AAAAAA
67.6952876,15.8456279,5118551,#AAAAAA
67.7085023,15.857124,5118522,#AAAAAA
67.7155327,15.8730483,5118586,#AAAAAA
67.7205728,15.8900828,5118587,#AAAAAA
67.7234209,15.8968858,5118591,#AAAAAA
67.7288663,15.9050193,5118593,#AAAAAA
67.7384387,15.8946561,5118583,#AAAAAA
67.7423819,15.8996202,5118581,#AAAAAA
67.7653465,15.9469832,5118582,#AAAAAA
67.7700035,15.9375236,5718293,#AAAAAA
67.7825276,15.9228835,5718299,#AAAAAA
67.7846713,15.9249656,5718297,#AAAAAA
67.7899106,15.932502,5118589,#AAAAAA
67.7913051,15.9351468,3099524,#AAAAAA
67.8004075,15.9674881,3099507,#AAAAAA
67.8006087,15.9683179,3099509,#AAAAAA
67.8071708,15.9850929,3099511,#AAAAAA
67.8105953,15.9885367,3099513,#AAAAAA
67.8161235,15.9910401,3099515,#AAAAAA
67.8170452,15.9924579,3099517,#AAAAAA
67.823466,15.9944737,2909952,#AAAAAA
67.8296635,15.9926589,4602189,#AAAAAA
67.8320464,15.9972938,2909925,#AAAAAA
67.8325852,15.9980232,2910016,#AAAAAA
67.8383971,16.0048764,5413166,#AAAAAA
67.8560559,16.0064922,5413168,#AAAAAA
67.856989,16.0026335,5413170,#AAAAAA
67.8584224,15.9938542,5413172,#AAAAAA
67.8596592,15.9768547,5413174,#AAAAAA
67.860791,15.9696529,5413157,#AAAAAA
67.8614962,15.9616535,5413159,#AAAAAA
67.8625189,15.9311819,5413161,#AAAAAA
67.8636611,15.9294964,5413156,#AAAAAA
67.8650207,15.927507,2909935,#AAAAAA
67.8687536,15.9208734,2909937,#AAAAAA
67.8737353,15.8914176,2909939,#AAAAAA
67.8945542,15.8620267,2909941,#AAAAAA
67.8988473,15.8596558,5413152,#AAAAAA
67.8998352,15.8602409,5413149,#AAAAAA
67.9072055,15.873065,5413154,#AAAAAA
67.9130988,15.8833385,5216519,#AAAAAA
67.9225254,15.8905108,1385800,#AAAAAA
67.9231591,15.8905351,1392447,#AAAAAA
67.9240303,15.8899683,1392449,#AAAAAA
67.9326327,15.8753193,1392451,#AAAAAA
67.9403032,15.8721037,1392453,#AAAAAA
67.9463627,15.8921608,2627836,#AAAAAA
67.9494995,15.8959827,2627838,#AAAAAA
67.9530619,15.9019832,2627840,#AAAAAA
67.9604128,15.9205482,2627854,#AAAAAA
67.9622842,15.926312,2627856,#AAAAAA
67.9627507,15.928212,5642435,#AAAAAA
67.9631953,15.9299763,5642437,#AAAAAA
67.9634578,15.930582,5216533,#AAAAAA
67.9634585,15.930996,5216531,#AAAAAA
67.9633492,15.9342867,5216537,#AAAAAA
67.9630872,15.9412566,5642439,#AAAAAA
67.9681392,15.9799805,5718447,#AAAAAA
67.9739684,15.9848414,5718440,#AAAAAA
67.9789379,15.9809765,5718459,#AAAAAA
67.9906919,15.9795089,5216540,#AAAAAA
67.9915502,15.9946391,5718465,#AAAAAA
67.9928514,15.9980695,5285271,#AAAAAA
68.030345,16.0013839,5285273,#AAAAAA
68.0311725,15.9997586,5285344,#AAAAAA
68.0426277,15.9688948,2627846,#AAAAAA
68.0439934,15.9624141,2627848,#AAAAAA
68.0661461,15.9262673,5285252,#AAAAAA
68.0768062,15.9152337,5285254,#AAAAAA
68.0795167,15.9128888,5285256,#AAAAAA
68.0808664,15.9066359,5285258,#AAAAAA
68.0833339,15.8951124,5285260,#AAAAAA
68.0880534,15.8759275,5285262,#AAAAAA
68.0903428,15.8606226,5285264,#AAAAAA
68.1003473,15.8898114,5285266,#AAAAAA
68.1090349,15.8895902,5285268,#AAAAAA
68.111521,15.8681612,5216542,#AAAAAA
68.112883,15.8672219,5216544,#AAAAAA
68.1144932,15.8662944,5216546,#AAAAAA
68.1154761,15.8658091,4639367,#AAAAAA
68.115963,15.8665706,5216549,#AAAAAA
68.1171163,15.8696573,5642441,#AAAAAA
68.117762,15.8713828,5642443,#AAAAAA
68.1207803,15.8793139,5642445,#AAAAAA
68.1212795,15.8805421,1392472,#AAAAAA
68.1219825,15.8812126,1392474,#AAAAAA
68.1264928,15.8777713,1392476,#AAAAAA
68.1300135,15.8899145,2627819,#AAAAAA
68.1305711,15.8925353,2627821,#AAAAAA
68.132171,15.8960252,2627823,#AAAAAA
68.1330839,15.8970092,2627825,#AAAAAA
68.1346128,15.8994342,2627827,#AAAAAA
68.1362234,15.8991675,2627829,#AAAAAA
68.1374836,15.8975918,2627831,#AAAAAA
68.1407044,15.8910065,2627833,#AAAAAA
68.1467833,15.9029687,5285906,#AAAAAA
68.1467737,15.9103265,5285908,#AAAAAA
68.1603378,15.9481706,5285909,#AAAAAA
68.166004,15.9587628,5285911,#AAAAAA
68.1658505,15.9931854,2627810,#AAAAAA
68.1774309,16.0313931,2627812,#AAAAAA
68.1796729,16.0307803,2627814,#AAAAAA
68.183298,16.0282151,2627816,#AAAAAA
68.1861698,16.0227831,2627783,#AAAAAA
68.1867967,16.021455,2627785,#AAAAAA
68.189075,16.0183993,2627787,#AAAAAA
68.1906743,16.0187498,2627789,#AAAAAA
68.193341,16.023486,2627791,#AAAAAA
68.1938767,16.0277726,2627793,#AAAAAA
68.1934716,16.0450326,2627795,#AAAAAA
68.1935645,16.053906,2627797,#AAAAAA
68.1977371,16.058708,2627799,#AAAAAA
68.2002796,16.0602629,2627801,#AAAAAA
68.203154,16.0610448,2627774,#AAAAAA
68.2117715,16.0532181,2627776,#AAAAAA
68.2140861,16.0504464,2627778,#AAAAAA
68.2175934,16.0561428,2627780,#AAAAAA
68.2175168,16.0604682,2627782,#AAAAAA
68.2192113,16.0693118,5286074,#AAAAAA
68.2204557,16.070622,1839132,#AAAAAA
68.2217003,16.0711464,4788967,#AAAAAA
68.2232293,16.0718662,4788960,#AAAAAA
68.2237955,16.0727139,4788953,#AAAAAA
68.4201912,15.9944506,1474625,#AAAAAA
68.4200558,15.9937248,2940496,#AAAAAA
68.4207787,15.9903401,1423323,#AAAAAA
68.4217149,15.9904708,1423321,#AAAAAA
68.4231594,15.9939471,1423340,#AAAAAA
68.4383386,16.0055641,1423338,#AAAAAA
68.4401421,16.0062765,1423336,#AAAAAA
68.441775,16.0062537,5295297,#AAAAAA
68.4439446,15.9939619,3797530,#AAAAAA
68.4460644,15.9560036,5295218,#AAAAAA
68.4479335,15.9495845,5295219,#AAAAAA
68.4487405,15.9458252,5295213,#AAAAAA
68.4645889,15.9050023,5295288,#AAAAAA
68.4681653,15.8945794,5295289,#AAAAAA
68.4681719,15.8936152,2755247,#AAAAAA
68.4857174,15.8862853,2755249,#AAAAAA
68.4884127,15.8879699,2755251,#AAAAAA
68.494019,15.8860684,2755253,#AAAAAA
68.4970609,15.8849888,2755255,#AAAAAA
68.4994678,15.8841498,2755257,#AAAAAA
68.5014355,15.88347,2755259,#AAAAAA
68.502133,15.8832251,2755261,#AAAAAA
68.5035777,15.8828992,2755263,#AAAAAA
68.5069625,15.8839529,2755265,#AAAAAA
68.5077208,15.8827955,2755237,#AAAAAA
68.5157249,15.8752699,2755239,#AAAAAA
68.5169946,15.8686915,2755241,#AAAAAA
68.5172326,15.8673656,2755232,#AAAAAA
68.5231505,15.8474119,2755243,#AAAAAA
68.5295042,15.766862,5295212,#AAAAAA
68.5292238,15.7661593,1497156,#AAAAAA
68.5257542,15.7611244,2629831,#AAAAAA
68.5159953,15.7435469,2629833,#AAAAAA
68.5153927,15.7404051,2629799,#AAAAAA
68.5103883,15.73366,2629804,#AAAAAA
68.5068439,15.7211344,2629808,#AAAAAA
68.5023411,15.7092429,1540648,#AAAAAA
68.4957893,15.6994448,1540650,#AAAAAA
68.489016,15.6910845,1540652,#AAAAAA
68.4860624,15.6749028,1540660,#AAAAAA
68.4653466,15.5389681,2629836,#AAAAAA
68.4649661,15.5378107,1540673,#AAAAAA
68.4575748,15.5173601,1540672,#AAAAAA
68.4576941,15.5089883,1540670,#AAAAAA
68.4604265,15.5040428,1540665,#AAAAAA
68.4612232,15.5041399,1541773,#AAAAAA
68.4649308,15.4381289,1541775,#AAAAAA
68.4641552,15.3992846,1541777,#AAAAAA
68.4635343,15.364717,5296476,#AAAAAA
68.4625842,15.3357007,5296478,#AAAAAA
68.4601446,15.3298258,5296474,#AAAAAA
68.4594627,15.303959,1541781,#AAAAAA
68.4628388,15.290775,1541779,#AAAAAA
68.4621936,15.2644574,1541782,#AAAAAA
68.4618668,15.2616515,5084328,#AAAAAA
68.4615262,15.2598087,5084329,#AAAAAA
68.4598258,15.2475564,1541784,#AAAAAA
68.4565527,15.2057417,3799792,#AAAAAA
68.4562125,15.2039614,2533395,#AAAAAA
68.4562263,15.1997278,1541786,#AAAAAA
68.4597252,15.1813028,2510302,#AAAAAA
68.4685802,15.1703343,2510323,#AAAAAA
68.4620403,15.1168449,2510321,#AAAAAA
68.4622608,15.0958857,2510319,#AAAAAA
68.4619003,15.0941917,2510317,#AAAAAA
68.4457157,15.0372723,2510315,#AAAAAA
68.4454433,15.0359245,1541817,#AAAAAA
68.4337036,14.9968461,1541821,#AAAAAA
68.4337234,14.9955879,1541806,#AAAAAA
68.439115,14.9828513,1541804,#AAAAAA
68.4455178,14.9368052,5296421,#AAAAAA
68.4466611,14.9099695,3799761,#AAAAAA
68.447284,14.9059537,1541803,#AAAAAA
68.4243106,14.8484315,1541793,#AAAAAA
68.4240499,14.8417675,1504605,#AAAAAA
68.4218541,14.8335808,1541857,#AAAAAA
68.4158031,14.8447532,1541855,#AAAAAA
68.4047367,14.8387452,2510408,#AAAAAA
68.3858808,14.8102126,2510406,#AAAAAA
68.3854528,14.8090284,2510404,#AAAAAA
68.385081,14.8079887,2510402,#AAAAAA
68.370142,14.7731254,3800003,#AAAAAA
68.3681627,14.7680598,3800001,#AAAAAA
68.3653062,14.762207,3799999,#AAAAAA
68.364825,14.7614554,3799997,#AAAAAA
68.3624192,14.7576772,3799995,#AAAAAA
68.3608151,14.7556145,3799989,#AAAAAA
68.3602195,14.7551514,5296416,#AAAAAA
68.3556009,14.7474289,5296414,#AAAAAA
68.3559828,14.7408322,3799983,#AAAAAA
68.356094,14.7393996,3799981,#AAAAAA
68.3563044,14.7366993,3799979,#AAAAAA
68.356516,14.7339061,3799977,#AAAAAA
68.357183,14.7253425,3799975,#AAAAAA
68.357724,14.7183733,3799973,#AAAAAA
68.3579635,14.7138069,3799971,#AAAAAA
68.3578023,14.7120321,3799969,#AAAAAA
68.3569478,14.7089595,3800041,#AAAAAA
68.3486771,14.716935,3800039,#AAAAAA
68.340048,14.7144598,3800047,#AAAAAA
68.3332718,14.7099008,3800045,#AAAAAA
68.3313644,14.7069404,1716632,#AAAAAA
68.330247,14.7027189,1716630,#AAAAAA
68.3287998,14.6969257,1716628,#AAAAAA
68.327396,14.6899604,1716626,#AAAAAA
68.3252665,14.6870284,1716624,#AAAAAA
68.3247722,14.6879659,3800029,#AAAAAA
68.3243068,14.6896744,2617785,#AAAAAA
68.324038,14.6978019,2542702,#AAAAAA
68.3220916,14.6992247,2617782,#AAAAAA
68.3149718,14.714194,1569554,#AAAAAA
68.2871103,14.6925783,2617799,#AAAAAA
68.284313,14.6767597,2617797,#AAAAAA
68.2837265,14.6604459,2617795,#AAAAAA
68.2826929,14.6596357,3800051,#AAAAAA
68.2819432,14.6596434,2617789,#AAAAAA
68.2788554,14.6616086,1569558,#AAAAAA
68.2778812,14.6627908,3800379,#AAAAAA
68.2725612,14.6569729,3800392,#AAAAAA
68.2527268,14.6624036,3800390,#AAAAAA
68.2508349,14.6631251,3800388,#AAAAAA
68.2501843,14.663007,2075051,#AAAAAA
68.2492164,14.6622165,3800383,#AAAAAA
68.2450501,14.6552509,2456318,#AAAAAA
68.2442513,14.6482565,3800408,#AAAAAA
68.2437501,14.6389361,1541884,#AAAAAA
68.2443545,14.6327164,3800404,#AAAAAA
68.2450526,14.6329373,2617788,#AAAAAA
68.2439966,14.6070294,3800406,#AAAAAA
68.2420549,14.5922075,2617781,#AAAAAA
68.242306,14.5866942,2555114,#AAAAAA
68.242377,14.5854593,2593143,#AAAAAA
68.242421,14.5847625,2593132,#AAAAAA
68.2425295,14.5833313,2593150,#AAAAAA
68.2431646,14.5795347,3800481,#AAAAAA
68.2427193,14.5759317,2457767,#AAAAAA
68.2396082,14.567422,2086860,#AAAAAA
68.2370516,14.5652502,2086859,#AAAAAA
68.2366015,14.5633787,2086857,#AAAAAA
68.235757,14.5618942,1386238,#AAAAAA
68.2355986,14.5618385,1386244,#AAAAAA
68.2356431,14.5614,1386242,#AAAAAA
68.2359296,14.5604172,1542736,#AAAAAA
68.2362551,14.5577781,1542734,#AAAAAA
68.2362869,14.5539981,3801222,#AAAAAA
68.2362773,14.5530136,1386253,#AAAAAA
68.2362434,14.5460345,1542737,#AAAAAA
68.2352399,14.5395598,2593076,#AAAAAA
68.2339378,14.5354967,3801251,#AAAAAA
68.2327319,14.5335814,3801249,#AAAAAA
68.2321068,14.5326324,3801247,#AAAAAA
68.2296995,14.5316555,2510828,#AAAAAA
68.2293653,14.5317847,2510830,#AAAAAA
68.2246715,14.5174021,2617845,#AAAAAA
68.2239019,14.5145146,2617844,#AAAAAA
68.2209115,14.5001973,3801342,#AAAAAA
68.2201724,14.4980833,2071728,#AAAAAA
68.2179869,14.491577,3801324,#AAAAAA
68.216435,14.4839507,2062888,#AAAAAA
68.2155006,14.4816716,3801330,#AAAAAA
68.2143799,14.4823363,2617873,#AAAAAA
68.2126484,14.4793843,2617871,#AAAAAA
68.2116568,14.4795186,1569511,#AAAAAA
68.2110333,14.4785936,2060503,#AAAAAA
68.2104773,14.4770793,2062881,#AAAAAA
